99.2218	-195.352
98.8494	-195.29
98.5555	-195.108
98.2481	-194.857
97.9644	-194.598
97.7235	-194.311
97.4217	-193.908
97.2145	-193.601
96.91	-193.233
96.5754	-192.847
95.9953	-192.258
95.6294	-191.882
95.2928	-191.496
95.0133	-191.199
94.5334	-190.721
94.05	-190.264
93.5204	-189.778
92.9782	-189.234
92.4916	-188.722
91.972	-188.156
91.5968	-187.781
90.9782	-187.145
90.496	-186.664
90.1962	-186.375
89.9114	-186.11
89.628	-185.836
89.1421	-185.358
88.7305	-184.946
88.3944	-184.609
88.0892	-184.297
87.7078	-183.922
87.4188	-183.637
86.8739	-183.102
86.6021	-182.842
86.2945	-182.533
85.7301	-182.003
85.23	-181.502
84.8635	-181.115
84.5174	-180.754
84.1529	-180.368
83.7694	-180.001
83.3175	-179.586
82.9397	-179.21
82.5865	-178.848
82.0769	-178.354
81.6505	-177.94
81.0459	-177.383
80.7104	-177.032
80.2123	-176.52
79.8924	-176.181
79.5725	-175.832
79.2928	-175.521
78.9563	-175.164
78.6363	-174.852
78.1807	-174.399
77.6952	-173.929
77.3157	-173.578
76.746	-173
76.2595	-172.51
75.6877	-171.907
75.1315	-171.341
74.5802	-170.758
74.09	-170.264
73.6996	-169.861
72.972	-169.136
72.5281	-168.67
71.9893	-168.147
71.5144	-167.661
71.192	-167.336
70.4969	-166.697
70.132	-166.295
69.6137	-165.77
69.1452	-165.289
68.7109	-164.822
68.2245	-164.328
67.5238	-163.647
67.2188	-163.321
66.705	-162.817
66.1483	-162.246
65.5564	-161.648
64.7892	-160.866
64.433	-160.502
63.9302	-160
63.6009	-159.667
63.1639	-159.186
62.7612	-158.753
62.3015	-158.249
61.9475	-157.835
61.6596	-157.492
61.3954	-157.173
61.0427	-156.829
60.6292	-156.419
60.356	-156.143
60.0534	-155.844
59.7051	-155.495
59.3668	-155.157
59.0815	-154.85
58.7415	-154.509
58.4227	-154.207
57.7497	-153.602
56.8586	-152.858
55.8592	-151.921
55.2769	-151.271
54.4323	-150.435
54.0748	-149.949
53.5549	-149.38
53.1267	-148.863
52.3918	-148.105
51.8282	-147.445
51.0745	-146.656
50.6973	-146.246
49.9853	-145.511
49.097	-144.554
48.2338	-143.701
47.2857	-142.817
46.6326	-142.129
45.9859	-141.455
45.3087	-140.779
44.5127	-139.988
43.8071	-139.24
43.0863	-138.514
42.6677	-138.076
41.8805	-137.292
41.4064	-136.853
40.7354	-136.179
40.108	-135.57
39.4603	-134.927
38.9071	-134.35
38.6181	-133.998
38.3907	-133.736
38.1332	-133.449
37.801	-133.1
37.4535	-132.743
37.173	-132.471
36.9052	-132.149
36.6381	-131.877
36.3414	-131.521
36.0158	-131.143
35.6323	-130.737
35.3031	-130.36
34.8247	-129.88
34.4981	-129.526
34.1356	-129.121
33.7538	-128.675
33.4181	-128.275
33.1121	-127.945
32.7863	-127.576
32.3914	-127.188
31.8213	-126.516
31.2711	-125.834
30.8526	-125.316
30.518	-124.922
30.1208	-124.491
29.76	-124.105
29.3981	-123.739
29.0296	-123.375
28.7196	-123.039
28.3316	-122.684
27.9404	-122.305
27.6405	-121.995
27.3371	-121.679
27.0545	-121.398
26.6975	-121.073
26.3641	-120.768
26.0393	-120.443
25.7479	-120.138
25.4778	-119.911
25.2141	-119.648
24.9423	-119.419
24.5692	-119.221
24.2695	-118.864
23.9809	-118.544
23.7009	-118.242
23.3225	-117.852
22.9767	-117.509
22.6041	-117.142
22.2852	-116.818
21.9293	-116.45
21.5971	-116.087
21.2043	-115.655
20.8917	-115.272
20.5294	-114.86
20.2632	-114.557
19.8616	-114.118
19.5163	-113.749
19.2006	-113.434
18.8344	-113.055
18.4854	-112.686
18.0698	-112.256
17.5417	-111.728
16.9991	-111.179
16.4382	-110.581
15.8819	-110.026
15.3877	-109.552
14.8089	-109.002
14.1392	-108.386
13.2476	-107.578
12.5986	-106.938
11.8755	-106.252
11.0612	-105.471
10.3983	-104.899
9.56072	-104.148
8.86817	-103.508
8.12992	-102.783
7.36227	-102.105
6.49205	-101.354
6.37836	-101.21
5.91753	-100.815
5.52926	-100.49
5.38433	-100.344
5.2337	-100.202
5.01004	-100.003
4.50673	-99.6973
3.76854	-99.4031
3.17469	-98.8684
1.91769	-98.1348
0.295128	-97.3537
-0.823208	-96.7628
-1.476	-96.642
-2.00852	-96.6215
-2.85958	-96.6218
-3.42174	-96.6503
-4.06886	-96.8142
-4.57714	-96.9737
-4.89419	-97.1617
-5.24789	-97.4854
-6.15559	-98.4386
-6.8033	-99.2546
-7.29998	-99.5702
-7.80812	-100.092
-8.31557	-100.633
-8.73307	-101.136
-9.15858	-101.581
-9.69468	-102.172
-10.249	-102.813
-10.8189	-103.434
-11.4097	-104.074
-11.9753	-104.683
-12.6289	-105.382
-13.2425	-106.024
-13.8271	-106.636
-14.2887	-107.149
-14.7998	-107.652
-15.1533	-107.983
-15.5138	-108.351
-15.8114	-108.657
-16.3032	-109.209
-16.997	-109.969
-17.4351	-110.405
-17.9181	-110.882
-18.4459	-111.335
-19.023	-111.853
-19.6126	-112.433
-20.2518	-113.054
-20.5147	-113.265
-20.9239	-113.644
-21.4206	-114.121
-21.9709	-114.672
-22.6794	-115.382
-23.4099	-116.062
-24.2719	-116.877
-25.0825	-117.658
-25.7414	-118.245
-26.6696	-119.114
-27.6274	-120.056
-28.4784	-120.848
-29.3006	-121.625
-29.7669	-122.004
-30.4634	-122.682
-31.3509	-123.526
-32.0236	-124.214
-32.5247	-124.73
-33.1642	-125.353
-33.7581	-125.941
-34.4947	-126.672
-35.1332	-127.352
-35.646	-127.882
-36.2809	-128.564
-36.722	-128.997
-37.4387	-129.716
-38.1569	-130.495
-38.8026	-131.215
-39.2713	-131.722
-39.4903	-131.946
-39.7443	-132.191
-40.2139	-132.686
-40.7241	-133.245
-40.9795	-133.544
-41.6565	-134.336
-42.1078	-134.821
-42.9013	-135.636
-43.4541	-136.196
-44.0146	-136.763
-44.7031	-137.501
-45.6859	-138.664
-46.4332	-139.486
-47.5256	-140.722
-48.5834	-141.83
-48.9812	-142.018
-49.5325	-142.494
-50.0782	-142.979
-50.6016	-143.468
-50.8393	-143.597
-51.2606	-143.973
-50.9297	-143.526
-50.4789	-142.981
-49.9439	-142.345
-49.4112	-141.777
-48.8378	-141.164
-47.6401	-139.939
-46.372	-138.698
-45.5976	-137.993
-45.2818	-137.73
-44.3149	-136.879
-43.9518	-136.507
-43.664	-136.218
-43.2356	-135.801
-42.624	-135.194
-41.95	-134.6
-41.4136	-134.098
-40.8903	-133.579
-40.1263	-132.82
-39.5379	-132.192
-39.1579	-131.788
-38.4098	-131.012
-37.8219	-130.382
-37.1095	-129.632
-36.5233	-129.023
-35.9347	-128.434
-35.2659	-127.785
-34.9592	-127.456
-34.5039	-126.986
-33.9432	-126.428
-33.6765	-126.118
-32.9788	-125.414
-32.3312	-124.77
-31.8784	-124.327
-29.7822	-122.32
-28.9245	-121.383
-28.442	-120.818
-27.8032	-120.125
-27.3857	-119.664
-27.0285	-119.267
-26.3421	-118.572
-25.5072	-117.709
-24.8959	-117.037
-24.3376	-116.498
-23.9062	-116.118
-23.367	-115.599
-22.6447	-114.891
-22.1358	-114.379
-21.7657	-114.02
-21.0985	-113.433
-20.5307	-112.921
-19.8155	-112.25
-19.5509	-111.985
-19.0326	-111.486
-18.5557	-111.019
-18.0167	-110.517
-17.2996	-109.836
-16.7633	-109.339
-16.41	-109.01
-15.854	-108.516
-15.1732	-107.889
-15.023	-107.716
-14.5587	-107.224
-14.6366	-107.244
-14.3094	-106.887
-13.9723	-106.549
-13.8082	-106.351
-13.6851	-106.198
-13.4522	-105.994
-12.772	-105.461
-12.4903	-105.176
-12.4375	-105.059
-12.2305	-104.86
-11.9812	-104.581
-11.4872	-104.119
-11.2116	-103.898
-10.9992	-103.697
-10.8324	-103.519
-10.6139	-103.254
-10.3734	-103.003
-9.86355	-102.485
-9.63185	-102.204
-9.34441	-101.909
-8.72156	-101.264
-8.34479	-100.884
-8.05626	-100.581
-7.29212	-99.8311
-6.57676	-99.0746
-5.10728	-97.6633
-3.8715	-96.4888
-3.62147	-96.2083
-1.69519	-94.4064
-1.27714	-93.8799
-0.759657	-93.3326
-0.228621	-92.7663
0.472104	-92.0538
1.23099	-91.3302
1.84614	-90.7001
2.30321	-90.2151
2.61187	-89.8774
2.96324	-89.5257
3.62178	-88.9094
3.92176	-88.614
4.195	-88.3453
4.99399	-87.5498
5.76896	-86.779
6.40357	-86.1499
7.01908	-85.5363
7.40692	-85.1428
7.955	-84.6053
8.25956	-84.3151
8.77289	-83.8253
9.10578	-83.4883
9.32666	-83.2492
9.78265	-82.802
10.4847	-82.1089
10.7513	-81.8355
10.9535	-81.5983
11.3251	-81.2299
11.7584	-80.8193
12.4467	-80.1346
12.8413	-79.7407
13.3952	-79.2162
13.9111	-78.743
14.6855	-78.0493
15.1382	-77.5879
15.5365	-77.1447
15.6847	-77.035
15.9283	-76.8434
15.5915	-77.0722
15.2429	-77.2993
14.7074	-77.7911
14.3069	-78.1844
14.8	-77.6454
15.1184	-77.3637
15.447	-77.1257
15.7386	-76.9313
16.0801	-76.6684
15.7367	-76.8158
15.3821	-77.0342
15.0577	-77.2603
14.8215	-77.5031
14.598	-77.7741
14.3161	-78.1281
13.8295	-78.6739
14.4248	-77.9363
14.8184	-77.4711
15.163	-77.1516
15.4155	-76.8804
15.649	-76.5953
15.8752	-76.4011
16.2546	-75.9837
16.555	-75.7002
16.8778	-75.4041
16.6538	-75.6901
16.4077	-76.0651
16.064	-76.436
15.7301	-76.6441
15.4547	-76.9127
14.849	-77.4885
28.0267	-63.7894
27.9082	-64.1516
27.7271	-64.4405
28.06	-64.1764
28.6662	-63.6684
28.3745	-63.9323
27.9411	-64.39
28.2965	-64.0402
28.5964	-63.7257
29.1779	-63.1259
29.4827	-63.0134
30.0347	-62.795
29.701	-63.0889
29.228	-63.3496
28.9067	-63.601
28.404	-64.0636
28.7489	-63.7769
29.0722	-63.5011
29.398	-63.3002
29.7496	-63.1339
30.0865	-62.9888
29.7167	-63.1677
29.2859	-63.5097
28.9297	-63.7058
28.6297	-63.9521
28.3816	-64.1559
27.7322	-64.5898
28.0804	-64.3905
28.455	-64.1276
28.7628	-63.8517
29.0444	-63.5894
29.331	-63.3389
29.6613	-63.0604
30.2805	-62.5512
30.4019	-62.4323
30.0012	-62.5443
29.6252	-62.6514
29.2792	-62.8938
28.9976	-63.1875
28.7591	-63.4752
28.4624	-63.7893
28.8223	-63.5878
29.5426	-63.0264
30.1729	-62.6397
29.8248	-62.8657
29.5945	-63.2579
29.2884	-63.517
29.5898	-63.2263
29.2892	-63.4852
28.6548	-64.0435
27.8569	-64.6582
27.1354	-65.1973
26.2948	-65.916
26.544	-65.7968
27.3122	-65.0613
28.5934	-64.0136
29.6183	-63.0746
30.1421	-62.6731
30.3391	-62.6801
30.4886	-62.5309
31.7031	-61.5522
32.6607	-61.019
33.7955	-60.7228
34.9324	-60.7074
35.5534	-61.0866
35.3806	-61.7254
35.5527	-61.9624
35.929	-62.1039
36.4561	-62.2484
37.0189	-62.3143
37.6148	-62.4764
38.2939	-62.6087
38.8118	-62.7114
39.2862	-62.6563
40.0957	-62.6784
40.5798	-62.5683
41.4319	-62.735
42.1039	-63.0524
43.5748	-63.7138
44.3829	-65.265
45.2562	-66.1952
45.906	-67.3149
46.4245	-68.3213
47.0238	-69.3821
47.4847	-70.2768
47.9465	-71.1445
48.6462	-72.3042
49.1799	-73.6409
49.9177	-74.6094
50.6532	-75.5293
51.5077	-76.6069
51.9065	-77.3038
52.3952	-77.9559
52.7379	-78.4916
53.0493	-78.794
53.3688	-79.1885
53.8348	-79.7589
54.1735	-80.2571
54.4733	-80.7528
54.8644	-81.2649
55.3774	-81.8306
55.9635	-82.4399
56.4053	-82.876
56.7458	-83.2183
57.1775	-83.6228
57.8609	-84.3235
58.9054	-85.2323
59.4319	-85.702
59.9252	-86.1468
60.7116	-86.9151
61.3175	-87.4742
61.9334	-88.0732
62.7861	-88.9897
63.4087	-89.6478
63.9932	-90.207
64.5403	-90.7384
64.8716	-91.1058
65.1507	-91.4299
65.801	-92.176
66.3226	-92.7207
67.184	-93.6592
67.7688	-94.2939
68.513	-95.1625
69.017	-95.7064
69.6481	-96.3606
70.3536	-97.0744
70.7678	-97.4698
71.5084	-98.3039
72.0532	-98.9207
72.5989	-99.4643
73.2405	-100.141
73.8511	-100.79
74.2725	-101.192
74.6385	-101.551
75.0822	-102.008
75.5561	-102.52
76.2251	-103.289
76.6814	-104.048
77.1592	-104.959
77.8293	-105.494
78.7168	-106.432
79.8951	-107.405
80.6217	-108.12
81.0643	-108.659
81.5879	-109.204
82.2023	-110.02
82.9807	-110.844
83.9097	-111.804
84.9911	-113.024
86.0831	-114.186
87.0062	-115.585
87.8136	-117.522
88.4504	-117.977
82.4501	-122.426
81.7076	-122.926
81.3874	-123.25
80.629	-123.936
80.2492	-124.293
79.8606	-124.651
79.5689	-124.944
78.6832	-125.718
78.1836	-126.196
77.564	-126.821
76.8247	-127.534
75.9088	-128.372
75.3315	-128.945
74.4998	-129.733
69.5554	-134.08
69.4364	-135.348
69.1135	-135.62
68.8278	-135.883
68.448	-136.336
67.8605	-136.931
67.1176	-137.636
66.0957	-138.527
65.4383	-139.127
64.9249	-139.674
64.3712	-140.248
63.6107	-141.015
63.2195	-141.412
62.4622	-142.16
61.7189	-142.904
61.2851	-143.391
61.0356	-143.656
60.6928	-144.045
60.4765	-144.312
60.2637	-144.717
59.9315	-145.454
59.9647	-145.17
60.183	-144.859
60.3771	-144.575
60.6053	-144.223
60.841	-143.891
61.1	-143.541
61.406	-143.206
61.7097	-142.904
62.0417	-142.562
62.4069	-142.274
62.0336	-142.542
62.3004	-142.278
62.6402	-141.969
62.9575	-141.724
63.2278	-141.479
63.4977	-141.207
63.7645	-140.938
64.0211	-140.644
64.3128	-140.32
64.7364	-139.889
64.994	-139.604
65.3366	-139.235
65.8388	-138.682
66.1528	-138.344
66.5292	-137.957
66.8381	-137.653
67.3542	-137.09
67.6699	-136.759
68.0195	-136.359
68.5402	-135.794
68.8353	-135.524
69.222	-135.077
69.5754	-134.704
69.8218	-134.443
70.2968	-133.958
70.6112	-133.639
70.8753	-133.384
71.4613	-132.817
71.8658	-132.377
72.1676	-132.114
72.5487	-131.713
72.981	-131.251
73.4566	-130.784
73.8138	-130.418
74.1291	-130.129
74.4192	-129.87
74.7428	-129.575
75.0661	-129.27
75.4669	-128.858
75.7799	-128.553
76.0951	-128.249
76.4529	-127.877
76.7383	-127.561
77.1142	-127.169
77.4319	-126.908
77.7973	-126.558
78.1722	-126.157
78.4837	-125.819
78.8302	-125.46
79.1488	-125.141
79.5231	-124.752
79.8802	-124.398
80.2289	-124.073
80.6184	-123.694
80.9773	-123.341
81.3406	-122.973
81.651	-122.673
81.9278	-122.404
82.3494	-121.93
83.0089	-121.223
83.6245	-120.637
84.1358	-120.176
84.767	-119.566
85.0738	-119.327
85.4734	-118.957
85.7954	-118.675
86.1363	-118.371
86.5835	-117.931
86.7887	-117.804
87.0411	-117.678
87.328	-117.679
87.5568	-117.664
87.7961	-117.631
88.0741	-117.606
88.4341	-117.536
88.7995	-117.485
89.2553	-117.4
90.1418	-117.428
90.5608	-117.49
90.9098	-117.687
91.2158	-117.945
91.595	-118.395
92.2889	-119.145
92.7037	-119.647
93.4005	-120.368
94.0175	-121.06
94.8871	-121.989
95.2459	-122.354
95.5581	-122.689
95.87	-123.024
96.1633	-123.339
96.5411	-123.71
97.0157	-124.182
97.4474	-124.609
97.8833	-125.027
98.4613	-125.586
98.797	-125.896
99.3491	-126.432
99.9837	-127.014
100.712	-127.696
101.073	-128.076
101.451	-128.458
102.149	-129.077
102.413	-129.376
103.224	-130.129
103.633	-130.542
104.076	-131.035
104.591	-131.565
105.378	-132.373
106.008	-133.022
106.654	-133.656
106.989	-134.053
107.265	-134.396
107.581	-134.749
108.062	-135.228
108.814	-136.002
109.22	-136.421
109.795	-136.978
110.114	-137.297
110.869	-137.99
111.777	-138.891
66.8069	-147.732
63.5231	-145.829
60.8393	-145.463
120.178	-147.397
119.596	-147.162
119.332	-146.902
118.902	-146.55
118.229	-145.941
131.663	-158.825
132.117	-159.285
132.716	-159.853
133.318	-160.46
133.707	-160.86
134.179	-161.317
134.93	-162.055
135.552	-162.702
136.338	-163.496
136.719	-163.885
137.101	-164.317
137.441	-164.665
137.908	-165.131
138.28	-165.497
139.009	-166.176
139.67	-166.866
140.475	-167.702
141.223	-168.49
141.7	-169.014
142.484	-169.792
142.698	-170.055
142.75	-170.132
142.855	-170.255
142.893	-170.314
142.959	-170.455
143.012	-170.618
143.008	-170.769
143.242	-171.433
143.42	-172.049
143.577	-172.763
143.663	-173.234
143.711	-174.019
143.668	-174.585
143.482	-174.816
143.301	-175.128
142.993	-175.417
142.707	-175.529
142.186	-175.964
141.081	-176.901
139.936	-177.612
139.056	-178.227
138.34	-178.832
137.504	-179.564
136.647	-180.354
135.839	-181.139
134.928	-181.961
134.095	-182.75
133.295	-183.549
132.815	-184.041
132.043	-184.785
131.402	-185.486
131.04	-185.864
130.58	-186.097
129.897	-186.273
129.587	-186.634
129.062	-187.234
128.659	-187.762
128.483	-188.005
127.951	-188.544
127.277	-189.304
126.51	-190.086
125.704	-190.919
125.007	-191.463
124.751	-191.813
124.456	-192.175
124.662	-192.401
124.657	-192.699
124.275	-192.86
123.533	-193.362
123.129	-193.418
122.633	-193.814
122.136	-194.276
110.732	-205.733
110.928	-205.143
111.114	-204.84
111.384	-204.528
107.922	-209.173
107.372	-209.301
107.028	-209.442
105.928	-210.173
104.642	-211.544
103.986	-212.27
103.668	-212.71
103.286	-213.063
103.604	-212.743
104.114	-212.229
104.597	-211.676
105.383	-211.033
106.087	-210.429
106.656	-209.904
107.183	-209.297
107.574	-208.836
107.871	-208.241
108.084	-207.787
108.092	-207.827
108.274	-207.701
108.654	-207.296
108.878	-207.061
109.138	-206.77
109.405	-206.425
109.602	-206.067
109.755	-205.796
109.883	-205.557
106.05	-203.07
105.846	-202.843
106.785	-202.8
107.314	-203.546
107.569	-204.282
103.841	-200.857
103.647	-200.385
103.315	-199.995
102.938	-199.499
102.582	-199.141
