3.37665	3.36813
3.77696	3.70067
4.18118	4.03587
4.56149	4.36211
4.93029	4.65921
5.26482	4.94029
5.60727	5.29231
5.9499	5.6054
6.32307	5.93438
6.62466	6.25684
6.88461	6.58105
7.18355	6.96915
7.52838	7.31587
7.91651	7.64768
8.23841	7.98043
8.58372	8.32628
8.96081	8.64907
9.3262	8.9819
9.73258	9.34342
10.0798	9.72247
10.4716	10.1259
10.8678	10.4769
11.1982	10.8362
11.5469	11.2055
11.8868	11.5506
12.2796	11.9579
12.694	12.3312
13.1031	12.7246
13.4453	13.0687
13.8402	13.4475
14.189	13.7792
14.5542	14.1321
14.9121	14.4909
15.2716	14.8513
15.6081	15.1785
16.0032	15.5727
16.3904	15.9338
16.8292	16.3304
17.1153	16.6522
17.4689	16.9506
17.8388	17.3193
18.219	17.708
18.5974	18.0908
19.0013	18.4616
19.3862	18.8009
19.798	19.1987
20.0946	19.4606
20.5514	19.8626
20.9685	20.2669
21.3452	20.6064
21.6552	20.9081
22.0715	21.3396
22.5048	21.7725
22.077	21.3941
22.4519	21.7482
22.8218	22.1021
23.173	22.423
23.5623	22.7738
23.9764	23.14
24.3974	23.537
24.7943	23.9165
25.1661	24.2784
25.5215	24.5951
25.8943	24.9448
26.2594	25.2969
26.6558	25.6819
27.0121	26.0449
27.4045	26.3941
27.8066	26.7735
28.198	27.156
28.6175	27.558
29.0241	27.9254
29.4418	28.3037
29.8115	28.6432
30.1659	28.9764
30.5978	29.3593
30.9703	29.7194
31.3296	30.0419
31.7298	30.4246
32.1015	30.7555
32.4937	31.068
32.9429	31.5028
33.3067	31.8591
33.6843	32.1998
34.1228	32.5902
34.5704	32.9795
34.9066	33.3105
35.2497	33.6335
35.6786	34.0287
36.1041	34.4366
36.4766	34.8116
36.8925	35.1961
37.3325	35.5754
37.7471	35.9108
38.1072	36.2168
38.4823	36.4945
38.8627	36.797
39.2137	37.0924
39.5186	37.3904
39.8572	37.7209
40.1985	38.0605
40.5557	38.3953
40.944	38.7401
41.305	39.0677
41.7044	39.455
42.0674	39.7902
42.391	40.0984
42.7446	40.3915
43.0689	40.6549
43.4228	40.9548
43.6698	41.2968
43.7437	41.7516
43.8537	42.1825
44.0255	42.5919
44.136	43.0253
44.2518	43.4768
44.4219	43.8799
44.5682	44.2825
44.6095	44.6054
44.6241	44.9133
44.6	45.2847
44.5311	45.7092
44.3321	45.9046
44.0579	46.1474
43.6988	46.3582
43.0269	46.3594
42.6791	46.7717
42.2903	47.1243
41.879	47.468
41.4292	47.9399
41.0262	48.3827
40.5899	48.8907
40.168	49.4096
39.0352	51.0752
38.5259	51.4123
38.1377	51.8623
37.8238	52.1892
37.3757	52.7579
36.9341	53.2643
36.4583	53.7917
36.0524	54.2059
35.6738	54.6468
35.2833	54.9591
34.8732	55.3666
34.4478	55.8132
34.0309	56.2639
33.62	56.6369
33.203	57.0462
32.8406	57.3648
32.4823	57.6938
32.129	57.9975
31.7465	58.3506
31.3604	58.6565
31.0318	58.9876
30.7266	59.3034
30.3832	59.6753
30.0123	60.0493
29.6149	60.4105
29.2028	60.7838
28.7369	61.2472
28.3795	61.6097
28.0573	61.996
27.5736	62.4557
27.1354	62.8725
26.761	63.2502
26.4025	63.5863
26.0642	63.9406
25.6774	64.31
25.2709	64.7033
24.8533	65.1592
24.5272	65.5151
24.1598	65.8726
23.8092	66.2381
23.4359	66.6376
23.0587	66.9867
22.6582	67.3535
22.2865	67.7173
21.8953	68.149
21.605	68.4985
21.2454	68.9004
20.9818	69.1973
20.6213	69.584
20.2869	69.9315
19.9755	70.2446
19.5823	70.6246
19.1945	70.9833
18.8546	71.2959
18.4821	71.6797
18.1891	72.0159
17.8906	72.3512
17.5601	72.7119
17.2265	73.0786
16.8508	73.4595
16.5499	73.7362
16.17	74.1317
15.7834	74.4555
15.2951	74.8881
14.9465	75.1955
14.604	75.5181
14.1999	75.9275
13.8214	76.3733
13.4345	76.8203
12.9936	77.2169
12.538	77.6472
12.1356	78.0593
11.7262	78.4724
11.3387	78.8795
10.9585	79.2517
10.5735	79.6227
10.226	79.9932
9.82505	80.3957
9.40539	80.7908
8.95602	81.2196
8.54598	81.5926
8.18919	81.9446
7.78847	82.4088
7.51322	82.6975
7.11678	83.0501
6.74066	83.4282
6.41212	83.7627
6.09508	84.1158
5.73462	84.5059
5.38046	84.8705
5.03235	85.1896
4.55705	85.6166
4.15	85.9614
3.80405	86.29
3.47242	86.67
3.18663	87.012
2.86286	87.3461
2.47725	87.7085
2.09525	88.0851
1.7402	88.4275
1.49003	88.6572
1.17236	88.9266
0.764707	89.2953
0.419931	89.6358
0.117093	89.9519
-0.254979	90.3117
-0.652407	90.6664
-1.04215	91.0496
-1.42721	91.4094
-1.78606	91.7783
-2.15506	92.1646
-2.51283	92.5228
-2.87266	92.8929
-3.18661	93.1904
-3.53774	93.5434
-3.89606	93.8736
-4.23806	94.1833
-4.57385	94.5344
-4.87757	94.9017
-5.28909	95.3565
-5.62155	95.671
-6.59759	96.6231
-6.71001	96.6619
-6.78675	96.7893
-7.12222	97.1534
-7.47374	97.4931
-7.86342	97.8835
-8.20498	98.2417
-8.55373	98.5951
-8.91852	98.951
-9.2818	99.3343
-9.63084	99.7281
-9.988	100.064
-10.3674	100.379
-9.9923	99.9809
-9.59077	99.5181
-9.2371	99.1692
-8.86617	98.8362
-8.57078	98.4415
-8.68271	98.9597
-8.47562	98.5416
-8.53831	98.9794
-7.56312	98.1384
-7.46162	97.6344
-7.6106	98.0633
-7.32059	97.9107
-7.32177	97.4142
-7.19723	97.0539
-7.55286	97.3925
-7.8757	97.7369
-8.2273	98.0839
-8.59887	98.4704
-8.98664	98.8268
-9.36484	99.2695
-9.70714	99.6307
-9.991	100.056
-10.2583	100.378
-10.5873	100.739
-10.9597	101.141
-11.3786	101.572
-11.8206	101.97
-12.214	102.405
-12.5337	102.764
-12.9148	103.115
-13.3493	103.494
-13.6686	103.791
-14.0892	104.225
-14.4946	104.634
-14.857	105.065
-15.3298	105.57
-15.712	105.958
-16.0265	106.322
-16.4114	106.683
-16.7336	107.029
-17.1222	107.423
-17.4692	107.785
-17.7973	108.162
-18.0317	108.436
-18.3548	108.765
-18.7288	109.133
-19.0781	109.499
-19.4344	109.851
-19.7599	110.186
-20.0635	110.488
-20.3847	110.803
-20.7248	111.157
-21.0939	111.557
-21.3918	111.855
-21.7061	112.166
-22.1021	112.559
-22.4841	112.958
-22.855	113.285
-23.2138	113.647
-23.6305	114.108
-23.9705	114.441
-24.3556	114.798
-24.7483	115.196
-25.1586	115.601
-25.5474	115.998
-25.8812	116.393
-26.1842	116.766
-26.5726	117.193
-26.844	117.498
-27.1684	117.832
-27.5237	118.205
-27.9163	118.546
-28.2528	118.854
-28.6745	119.239
-29.0008	119.59
-29.3984	119.964
-29.7229	120.3
-30.0011	120.643
-30.3872	120.991
-30.6939	121.326
-31.0137	121.697
-31.3248	122.062
-31.5687	122.34
-31.8091	122.612
-32.0608	122.964
-32.3653	123.238
-32.6781	123.522
-33.0189	123.806
-33.2975	124.061
-33.5613	124.361
-33.8564	124.722
-34.1677	125.072
-34.5333	125.421
-34.8974	125.786
-35.2635	126.169
-35.6756	126.624
-36.0801	127.061
-36.4663	127.465
-36.875	127.864
-37.2432	128.208
-37.5789	128.581
-37.9655	128.959
-38.3063	129.33
-38.6071	129.628
-38.9484	129.964
-39.2052	130.209
-39.505	130.518
-39.8485	130.884
-40.0391	131.118
-40.3299	131.448
-39.8179	131.02
-39.4695	130.567
-39.0754	130.107
-38.65	129.697
-38.2651	129.31
-37.9154	128.935
-37.6032	128.605
-37.2335	128.247
-36.9665	127.944
-36.6159	127.601
-36.3061	127.272
-35.9364	126.851
-35.6115	126.57
-35.2531	126.218
-34.9293	125.846
-34.6366	125.487
-34.2842	125.102
-33.9895	124.817
-33.5245	124.442
-33.1749	124.119
-32.7957	123.782
-32.5633	123.461
-32.271	123.075
-32.038	122.694
-31.7351	122.375
-31.3892	122.006
-31.0147	121.653
-30.7283	121.37
-30.6337	121.17
-30.7003	121.218
-30.7169	121.338
-30.6624	121.33
-30.5374	121.401
-30.2821	121.094
-30.0368	120.808
-29.7853	120.415
-29.5152	120.109
-29.1465	119.702
-28.7557	119.344
-28.4413	118.972
-28.156	118.643
-27.8864	118.331
-27.5906	118.01
-27.171	117.568
-26.7216	117.114
-26.2229	116.55
-25.754	116.052
-25.2801	115.532
-24.8166	115.029
-24.4285	114.632
-24.0697	114.182
-23.7656	113.818
-23.5023	113.464
-23.1701	113.111
-22.8449	112.798
-22.2154	112.154
-21.7405	111.695
-21.3108	111.26
-20.9177	110.835
-20.5288	110.377
-20.0641	109.874
-19.6089	109.388
-19.1102	108.867
-18.542	108.275
-17.891	107.641
-17.2176	106.93
-16.5287	106.237
-15.8427	105.581
-15.1559	104.912
-14.459	104.264
-13.8314	103.607
-13.2217	102.959
-12.6755	102.417
-12.1761	101.886
-11.7081	101.386
-11.3049	100.988
-10.9282	100.608
-10.4713	100.192
-10.0504	99.7654
-9.65006	99.3247
-9.36156	98.9795
-9.02641	98.5794
-8.6246	98.1157
-8.21386	97.7009
-7.8226	97.316
-7.39175	96.8879
-7.00816	96.5153
-6.62369	96.1245
-6.19497	95.7731
-5.81442	95.4606
-10.1486	99.7811
-10.5046	100.194
-10.1456	99.7732
-9.81575	99.3655
-9.44635	98.967
-9.11732	98.5721
-8.83516	98.2004
-8.50688	97.8855
-8.12907	97.6001
-7.78721	97.2362
-7.43014	96.8896
-7.0564	96.5346
-6.67587	96.1798
-6.20063	95.8931
-5.81733	95.6055
-5.38882	95.2591
-4.93085	94.8718
-4.56139	94.5276
-4.24121	94.2205
-3.91501	93.9567
-3.56327	93.6598
-3.23072	93.3343
-2.84303	92.9632
-2.45409	92.5972
-2.17109	92.2821
-1.76214	91.9307
-1.46082	91.6421
-1.12358	91.2676
-0.724502	90.8782
-0.388083	90.5104
-0.0718914	90.1545
0.274273	89.778
0.597941	89.4432
0.934983	89.066
1.33187	88.6843
1.70681	88.2858
2.02674	87.9437
2.41827	87.5919
2.78374	87.2225
3.15145	86.8574
3.57675	86.4299
3.93347	86.0151
4.32084	85.66
4.66349	85.3121
5.00022	84.9676
5.37337	84.5915
5.79256	84.1776
6.1211	83.8304
6.49306	83.4179
6.87546	83.0434
7.24618	82.675
7.62401	82.2946
7.97395	81.9377
8.31759	81.5477
8.67439	81.1855
8.92652	80.9176
9.21739	80.5932
9.55322	80.2444
9.90487	79.8618
10.2353	79.5752
10.6057	79.2296
10.9322	78.9024
11.2185	78.6125
11.5591	78.2898
11.908	77.9339
12.2735	77.5202
12.6044	77.1594
12.9055	76.8527
12.645	77.178
13.0212	76.8413
13.4093	76.4473
13.7589	76.0704
14.0902	75.6864
14.4696	75.3081
14.8281	74.9489
15.1955	74.5655
15.5373	74.2474
15.8872	73.8876
16.229	73.5152
16.6049	73.1347
16.9789	72.7754
17.3819	72.3796
17.7628	72.0155
18.1514	71.5857
18.5032	71.2411
18.9141	70.839
19.3399	70.4133
19.7089	70.0122
20.0395	69.6673
20.436	69.3088
20.8118	68.9486
21.1678	68.5694
21.5779	68.1982
22.1694	67.6094
22.5844	67.2525
22.9905	66.8822
23.3384	66.5358
23.6991	66.1667
24.05	65.827
24.4606	65.4681
24.801	65.139
25.1626	64.7612
25.5525	64.352
25.9181	63.9339
26.2685	63.6012
26.6359	63.2956
27.022	62.9699
27.3628	62.6145
27.706	62.2598
28.0572	61.8986
28.3988	61.558
28.7436	61.2052
29.0614	60.8397
29.5054	60.3975
29.8797	60.0001
30.2165	59.6423
30.5446	59.2536
30.9071	58.8368
31.2895	58.425
31.65	58.0978
32.0368	57.7719
32.5555	57.2634
32.9089	56.8998
33.218	56.558
33.5537	56.1652
33.8509	55.8078
34.2166	55.4338
34.5332	55.1026
34.9291	54.6771
35.2879	54.2963
35.6848	53.874
